00000000 00000000 00000000 00000001
00000000 00000000 00000000 00000001
00000000 00000000 00000000 00000001
00000000 00000000 00000000 00000001
00000000 00000000 10000000 00000001
00000000 00000000 00000000 00000001
00000000 00000000 00000000 00000001
00000000 00000000 00000000 00000001
00000000 00000000 00000000 00000001
00000000 00000000 00000000 00000001
00000000 00000000 00000000 00000001
00000000 00000000 00000000 00000001
00000000 00000000 00000000 00000001
00000000 00000000 00000000 00000001
00000000 00000000 00000000 00000001
00000000 00000000 00000000 00000001
00000000 00000000 00000000 00000001
00000000 00000000 00000000 00000001
00000000 00000000 00000000 00000001
00000000 00000000 00000000 00000001
00000000 00000000 00000000 00000001
00000000 00000000 00000000 00000001
00000000 00000000 00000000 00000001
00000000 00000000 00000000 00000001
00000000 00000000 00000000 00000001
00000000 00000000 00000000 00000001
00000000 00000000 00000000 00000001
00000000 00000000 00000000 00000001
00000000 00000000 00000000 00000001
00000000 00000000 00000000 00000001
00000000 00000000 00000000 00000001
00000000 00000000 00000000 00000001
00000000 00000000 00000000 00000001
00000000 00000000 00000000 00000001
00000000 00000000 00000000 00000001
00000000 00000000 00000000 00000001
00000000 00000000 00000000 00000001
00000000 00000000 00000000 00000001
00000000 00000000 00000000 00000001
00000000 00000000 00000000 00000001
00000000 00000000 00000000 00000001
00000000 00000000 00000000 00000001
00000000 00000000 00000000 00000001
00000000 00000000 00000000 00000001
00000000 00000000 00000000 00000001
00000000 00000000 00000000 00000001
00000000 00000000 00000000 00000001
00000000 00000000 00000000 00000001
00000000 00000000 00000000 00000001
00000000 00000000 00000000 00000001
00000000 00000000 00000000 00000001
00000000 00000000 00000000 00000001
00000000 00000000 00000000 00000001
00000000 00000000 00000000 00000001
00000000 00000000 00000000 00000001
00000000 00000000 00000000 00000001
00000000 00000000 00000000 00000001
00000000 00000000 00000000 00000001
00000000 00000000 00000000 00000001
00000000 00000000 00000000 00000001
00000000 00000000 00000000 00000001
00000000 00000000 00000000 00000001
00000000 00000000 00000000 00000001
00000000 00000000 00000000 00000001
00000000 00000000 00000000 00000001
00000000 00000000 00000000 00000001
00000000 00000000 00000000 00000001
00000000 00000000 00000000 00000001
00000000 00000000 00000000 00000001
00000000 00000000 00000000 00000001
00000000 00000000 00000000 00000001
00000000 00000000 00000000 00000001
00000000 00000000 00000000 00000001
00000000 00000000 00000000 00000001
00000000 00000000 00000000 00000001
00000000 00000000 00000000 00000001
00000000 00000000 00000000 00000001
00000000 00000000 00000000 00000001
00000000 00000000 00000000 00000001
00000000 00000000 00000000 00000001
00000000 00000000 00000000 00000001
00000000 00000000 00000000 00000001
00000000 00000000 00000000 00000001
00000000 00000000 00000000 00000001
00000000 00000000 00000000 00000001
00000000 00000000 00000000 00000001
00000000 00000000 00000000 00000001
00000000 00000000 00000000 00000001
00000000 00000000 00000000 00000001
00000000 00000000 00000000 00000001
00000000 00000000 00000000 00000001
00000000 00000000 00000000 00000001
00000000 00000000 00000000 00000001
00000000 00000000 00000000 00000001
00000000 00000000 00000000 00000001
00000000 00000000 00000000 00000001
00000000 00000000 00000000 00000001
00000000 00000000 00000000 00000001
00000000 00000000 00000000 00000001
00000000 00000000 00000000 00001010
00000000 00000000 00000000 00000001
00000000 00000000 00000000 00000001
00000000 00000000 00000000 00000001
00000000 00000000 00000000 00000001
00000000 00000000 00000000 00000001
00000000 00000000 00000000 00000001
00000000 00000000 00000000 00000001
00000000 00000000 00000000 00000001
00000000 00000000 00000000 00000001
00000000 00000000 00000000 00000001
00000000 00000000 00000000 00000001
00000000 00000000 00000000 00000001
00000000 00000000 00000000 00000001
00000000 00000000 00000000 00000001
00000000 00000000 00000000 00000001
00000000 00000000 00000000 00000001
00000000 00000000 00000000 00000001
00000000 00000000 00000000 00000001
00000000 00000000 00000000 00000001
00000000 00000000 00000000 00000001
00000000 00000000 00000000 00000001
00000000 00000000 00000000 00000001
00000000 00000000 00000000 00000001
00000000 00000000 00000000 00000001
00000000 00000000 00000000 00000001
00000000 00000000 00000000 00000001
00000000 00000000 00000000 00000001
00000000 00000000 00000000 00000001
00000000 00000000 00000000 00000001
